118.588 -6.157 161.074 
112.488 -5.601 119.474 
107.734 -3.657 81.648 
96.039 -1.715 30.961 
52.391 -2.272 2.151 
32.606 -1.860 -41.902 
42.755 1.122 -95.392 
76.597 3.881 -128.612 
114.968 6.916 -157.423 
126.853 7.856 -184.835 
92.979 6.283 -195.804 
-1.090 3.040 -181.100 
-39.918 2.280 -173.381 
-36.657 0.763 -145.792 
-21.505 0.775 -121.851 
-31.100 -2.047 -75.882 
-37.607 -4.910 -38.376 
-29.951 -9.157 165.754 
2.523 -9.635 194.352 
43.206 -9.403 194.363 
66.431 -8.373 168.426 
84.774 -6.287 127.724 
