123.906 -6.315 199.730 
121.533 -6.250 186.285 
119.823 -6.189 174.227 
118.413 -6.184 166.391 
116.682 -6.201 157.261 
115.152 -6.192 148.641 
112.937 -6.067 138.000 
111.396 -5.866 127.765 
109.938 -5.665 119.761 
108.224 -5.153 107.964 
106.870 -4.406 94.916 
105.586 -3.773 83.435 
104.285 -3.231 72.736 
102.954 -2.630 59.977 
101.983 -2.372 53.623 
100.252 -2.059 44.263 
96.691 -1.831 34.543 
90.979 -1.752 27.310 
86.346 -1.754 23.334 
79.354 -1.845 19.383 
72.188 -1.950 16.167 
63.103 -2.047 11.329 
54.187 -2.142 6.227 
46.754 -2.150 1.706 
38.424 -2.140 -5.911 
33.473 -2.140 -14.429 
31.175 -2.106 -23.320 
30.606 -2.060 -29.129 
29.787 -1.913 -37.477 
29.120 -1.790 -46.700 
28.991 -1.673 -53.754 
29.370 -1.391 -61.970 
30.305 -1.023 -68.784 
32.008 -0.434 -76.964 
35.092 0.457 -87.313 
39.169 1.167 -95.757 
43.086 1.605 -101.196 
48.851 2.103 -107.365 
55.116 2.612 -113.800 
60.670 2.994 -118.788 
66.344 3.341 -123.487 
74.762 3.930 -130.128 
79.452 4.280 -133.897 
84.742 4.685 -138.113 
91.933 5.232 -143.810 
99.536 5.800 -148.981 
105.617 6.341 -153.597 
113.208 6.882 -159.052 
121.298 7.330 -164.477 
126.414 7.618 -170.845 
127.911 7.744 -177.332 
125.469 7.720 -184.138 
121.575 7.580 -187.620 
117.342 7.380 -189.388 
112.502 7.113 -190.745 
106.258 6.793 -192.086 
96.975 6.406 -193.556 
90.361 6.128 -194.509 
81.403 5.761 -195.928 
73.659 5.463 -196.780 
67.379 5.226 -197.262 
59.822 4.968 -198.004 
52.228 4.677 -197.917 
47.115 4.497 -197.656 
35.943 4.126 -193.663 
28.969 3.940 -190.727 
22.682 3.769 -188.436 
14.633 3.501 -185.346 
10.603 3.379 -183.700 
4.865 3.204 -181.786 
-1.885 3.005 -179.701 
-8.740 2.843 -178.099 
-18.053 2.657 -175.978 
-26.081 2.482 -174.238 
-33.441 2.332 -172.794 
-37.060 2.256 -172.085 
-43.750 2.071 -170.691 
-51.079 1.835 -169.022 
-54.970 1.688 -168.004 
-59.049 1.514 -166.378 
-63.602 1.222 -162.705 
-66.231 1.008 -157.417 
-65.285 0.855 -153.325 
-63.566 0.782 -150.464 
-58.551 0.668 -147.743 
-52.664 0.597 -146.569 
-47.615 0.572 -145.882 
-41.200 0.614 -144.595 
-37.183 0.641 -143.179 
-35.977 0.649 -142.278 
-31.888 0.705 -140.043 
-27.734 0.781 -136.941 
-22.845 0.822 -130.003 
-22.369 0.796 -126.819 
-22.012 0.750 -122.014 
-22.607 0.610 -117.019 
-23.788 0.410 -111.400 
-25.121 0.155 -105.803 
-26.524 -0.167 -100.462 
-28.641 -0.723 -93.025 
-30.828 -1.265 -85.927 
-33.280 -1.902 -77.422 
-35.223 -2.478 -69.811 
-36.638 -2.960 -63.628 
-38.213 -3.609 -55.350 
-39.434 -4.255 -47.583 
-40.406 -4.825 -39.513 
-41.388 -5.217 -31.516 
-42.484 -5.462 -23.462 
-43.190 -5.542 -18.647 
-44.355 -5.609 -11.479 
-45.622 -5.671 -3.341 
-46.429 -5.674 0.821 
-47.439 -5.685 5.372 
-48.930 -5.743 12.278 
-51.409 -5.922 22.764 
-52.984 -6.026 29.029 
-54.085 -6.159 34.928 
-55.010 -6.295 39.932 
-55.805 -6.411 44.090 
-57.374 -6.594 52.371 
-58.804 -6.750 59.860 
-60.142 -6.873 67.292 
-61.093 -7.051 74.150 
-61.946 -7.263 82.664 
-62.359 -7.495 91.900 
-62.429 -7.632 96.449 
-62.438 -7.770 101.327 
-62.409 -7.841 104.211 
-62.317 -7.937 107.880 
-61.693 -8.191 115.754 
-60.359 -8.541 124.738 
-59.679 -8.669 128.014 
-57.890 -8.877 134.752 
-55.578 -9.002 141.349 
-53.213 -9.052 146.090 
-50.491 -9.076 150.436 
-49.198 -9.085 152.098 
-46.823 -9.096 154.633 
-42.990 -9.094 158.727 
-37.940 -9.104 163.495 
-32.810 -9.069 168.132 
-28.315 -9.100 172.232 
-24.037 -9.160 176.218 
-20.773 -9.214 179.354 
-17.793 -9.263 182.370 
-11.099 -9.347 188.298 
-6.712 -9.428 191.755 
-0.486 -9.506 196.612 
5.429 -9.489 200.722 
10.583 -9.503 202.818 
16.693 -9.488 204.181 
22.967 -9.480 204.332 
30.255 -9.447 203.462 
35.061 -9.406 202.465 
41.624 -9.352 199.614 
48.269 -9.203 194.672 
53.136 -9.041 190.236 
59.892 -8.777 181.496 
64.151 -8.567 175.312 
66.264 -8.419 171.692 
69.492 -8.140 166.154 
73.040 -7.778 159.088 
76.196 -7.421 151.813 
78.391 -7.163 146.762 
79.871 -6.992 143.096 
81.393 -6.797 139.593 
82.852 -6.622 135.975 
84.856 -6.395 131.613 
88.172 -5.952 123.863 
90.491 -5.639 117.956 
92.815 -5.293 111.136 
95.966 -4.758 100.232 
99.273 -3.953 86.394 
